750 830
550
565 351 95858
672 476 629677
31 494 9615
384 150 80921
78 203 12569
507 617 18511
398 136 94936
260 208 83582
507 753 12926
712 388 170259
569 405 399140
508 786 427399
34 358 18298
256 791 152735
27 778 313
709 376 360565
86 283 13488
313 243 86128
594 559 497004
168 653 2260
536 313 277124
697 430 106161
463 785 232128
364 380 130240
76 156 1045
112 287 57080
197 744 273823
646 376 114501
35 721 35091
587 630 519323
618 216 252983
693 584 415836
335 47 18002
324 682 352912
293 150 15689
273 311 28727
418 49 21748
376 77 52567
406 601 188922
617 137 107189
571 406 176748
88 478 23366
25 812 16968
417 105 1689
370 229 151918
308 301 36285
145 119 27739
316 794 14053
33 332 9454
194 120 6976
262 810 275632
330 729 284699
741 54 77795
458 650 436187
196 659 157432
736 488 422972
336 424 52856
646 380 90290
63 404 10005
120 387 57832
255 380 44313
688 21 17928
657 471 583473
449 368 44368
35 646 41186
412 623 310337
398 358 212033
363 655 30120
684 257 346537
618 268 83609
429 825 205892
244 672 217619
195 540 203613
659 158 42603
506 135 133230
151 446 31996
605 815 422871
513 530 391927
144 635 34456
678 633 100523
410 63 26909
352 566 120293
434 380 26272
248 640 61882
252 335 30196
243 627 188189
206 92 36674
78 486 27417
505 530 469875
400 299 48277
632 759 125214
661 50 56837
423 105 29119
176 312 78276
17 136 1513
684 798 299713
737 684 541150
526 401 328688
16 27 721
242 396 114057
369 620 39529
732 692 792336
120 454 94344
580 119 85758
520 98 43975
46 271 20804
410 759 314837
718 716 279542
731 671 121770
593 103 79770
185 473 16231
316 436 92418
187 305 39317
631 135 53357
700 816 402586
294 193 16637
7 552 6907
444 251 178979
135 101 14493
380 305 200347
33 332 3003
475 687 296816
468 515 57323
36 247 4225
105 446 4754
690 91 88746
578 558 555045
153 543 131302
245 699 161780
119 548 28183
416 413 73136
308 659 366090
176 67 924
138 674 30855
376 688 113734
659 710 524485
634 757 857710
312 181 33746
411 527 294668
513 806 734701
459 793 8647
434 130 45358
309 335 195846
270 304 127839
596 749 609389
440 499 18440
446 72 48040
621 776 91065
658 118 60227
293 690 36882
609 558 210388
538 53 15708
155 113 33012
280 423 161236
550 650 539726
320 159 29525
279 626 126332
607 696 11913
307 333 135487
373 487 189244
527 46 2930
80 503 6856
397 279 10865
199 270 71291
326 319 123696
51 211 21495
737 149 119288
415 817 362504
99 735 61656
553 178 125673
437 454 1622
208 695 99554
253 202 33282
483 642 264875
65 407 21831
697 749 95723
169 256 3474
426 332 149378
589 92 99721
565 485 302024
599 213 122729
550 412 401963
603 304 147386
116 759 150493
118 33 5719
10 111 1126
113 69 9423
306 785 70656
445 463 357497
41 519 9453
614 609 28623
394 778 467332
257 372 102062
154 247 11552
285 94 32796
621 484 579487
418 796 90833
60 601 11921
267 137 7290
36 718 21470
270 533 18663
657 37 41212
254 175 73804
417 570 42862
128 204 35598
156 565 165201
492 162 71086
508 334 65990
279 2 70
744 667 542875
569 827 492162
1 693 940
645 98 112922
500 755 610443
431 604 469165
158 509 77613
88 2 144
685 812 377699
4 402 581
740 65 1859
636 823 1027553
705 796 691281
192 760 244359
455 509 197725
148 541 59448
656 699 445855
748 56 82992
443 743 289915
154 616 169118
146 317 46028
56 563 28993
553 729 282402
745 23 7741
535 277 44631
339 76 495
239 201 82641
389 638 214841
132 141 36599
727 376 65284
552 11 4583
704 216 64521
250 410 123017
339 707 322873
421 121 5476
643 742 578737
685 682 282904
706 450 310803
394 803 600623
434 641 418442
431 365 182530
375 38 1488
105 409 2099
372 109 9213
172 149 24658
711 133 102903
284 97 28922
249 162 43655
603 57 12753
688 20 4928
257 341 4570
559 757 508389
148 172 365
678 395 535207
645 618 100237
184 289 80789
384 312 182917
687 562 259791
379 594 322453
693 223 261541
60 402 4167
133 310 52115
513 89 9342
653 148 131162
539 364 37144
147 27 1978
165 382 116711
130 198 31532
700 428 378437
64 541 6846
508 272 216519
166 817 159856
561 551 175752
296 714 408631
448 4 3527
437 231 44027
576 695 145805
46 86 2500
197 225 77702
85 339 39124
444 698 6593
336 814 91491
319 286 11824
540 693 295347
529 192 122110
531 230 159402
331 265 106167
665 30 23964
719 338 280349
120 123 12689
663 688 142218
509 776 472563
144 694 48618
477 784 175831
615 614 498774
346 44 18796
568 686 415690
296 433 37896
409 311 5607
459 422 173441
509 476 235175
317 166 2466
1 309 315
169 625 191864
671 671 523403
454 777 344966
659 594 341162
407 491 315102
446 301 205756
574 502 113505
525 600 471388
695 138 13065
670 759 142444
18 509 8818
382 81 42799
38 244 14631
620 73 22972
559 661 684410
168 378 78998
119 391 54013
531 497 459685
520 301 78186
594 830 817896
499 540 147166
359 791 105990
741 210 197242
139 501 4152
222 689 301386
535 628 597475
690 376 106385
397 28 19710
515 59 38894
212 635 62476
638 403 296139
15 493 257
561 493 88392
432 601 43345
287 254 1489
134 268 36877
418 40 14
564 396 292578
347 202 123018
63 173 14670
28 742 38343
214 757 15027
650 549 644728
179 362 115154
569 268 210758
128 23 1733
78 330 46082
231 675 259309
276 222 86138
28 26 737
385 665 251328
347 188 87072
670 719 332924
149 807 222243
468 628 486476
303 617 232076
586 824 364169
459 216 93256
320 482 248105
681 271 97692
255 217 84736
735 724 834575
680 623 191275
606 333 96285
590 780 117030
476 485 403306
43 40 2149
460 240 49805
391 399 146656
137 140 32758
158 716 147448
83 380 9247
79 392 15089
443 217 29301
557 468 4145
287 583 25995
462 6 3794
13 725 14429
317 347 142874
456 175 41109
503 812 759266
46 106 1804
535 734 277577
387 598 144525
150 504 144470
596 250 204045
176 704 201348
225 776 106036
53 104 8676
332 829 203388
640 153 123949
436 278 104924
101 194 12943
269 271 35088
91 262 22243
462 117 21991
358 572 31540
617 258 57395
504 822 225668
57 426 21180
514 615 619000
134 372 48923
499 654 120505
539 192 154493
696 284 317644
379 568 90246
271 795 373165
38 394 10804
442 87 38305
299 474 7956
416 319 202541
545 435 1348
333 673 375176
315 34 20345
479 269 220185
224 149 26824
497 249 153574
723 368 315507
24 199 5228
611 97 82679
610 312 71689
616 418 448917
666 441 38020
109 247 26349
713 686 109753
273 31 16250
352 638 94306
206 512 133894
52 816 68834
747 636 657987
97 397 24784
116 463 59444
140 48 3666
317 636 108836
389 180 55519
302 625 140770
433 46 33505
302 321 79822
299 435 26947
467 473 256304
1 80 101
418 655 18925
13 646 13246
618 475 33889
650 173 205538
188 514 100276
559 238 224666
407 750 378970
409 430 267636
235 56 7079
451 228 98338
563 176 55422
437 820 668039
738 438 165753
28 609 16262
565 358 253193
679 547 358063
368 655 325282
587 113 25075
195 240 8829
733 262 245702
2 324 1095
367 310 206635
467 519 319198
222 756 265948
19 622 5739
113 490 90265
585 657 83830
236 36 15706
467 720 607815
197 114 14930
574 535 43531
119 73 3094
343 529 322746
364 140 28705
35 160 10827
293 525 293038
550 389 235315
109 755 131930
434 643 355827
261 109 17372
38 462 11878
329 470 116812
68 122 10434
698 107 54142
744 203 58639
22 768 17071
710 687 726814
174 37 8472
455 590 475922
645 22 26980
680 580 666983
209 348 72643
700 717 233848
721 294 417713
142 590 110119
435 61 20686
609 280 136362
454 495 103368
603 489 499332
726 655 870901
667 276 40492
602 464 69077
296 135 49306
443 648 190401
259 229 67014
528 373 354821
393 774 559310
7 737 4649
624 692 655497
735 449 207564
646 696 431967
347 737 324801
566 464 184491
221 576 111184
361 25 7247
231 672 307315
203 216 4334
634 752 878315
550 78 14584
7 442 3542
750 207 48889
458 456 70659
44 201 14010
605 411 109946
212 223 16334
110 805 123285
381 557 355352
484 11 2354
476 742 580657
561 498 400398
715 689 497923
455 509 74378
384 672 21312
443 736 137978
280 770 311092
153 749 155941
237 469 33955
